controller_ip: 192.168.0.134
controller_port: 6653
controller_name: onos
rest_port: 8181
iface: enp0s3
topology: leaf-spine
num_leafs: 4
num_spines: 2
query_interval: 3
consec_failures: 50
consec_link_failures: 50
start: 2
trials: 3
diff: 2
maxsize: 40
no_links: False
[6, [0.3885819911956787, 0.49916696548461914, 0.5241384506225586], [3.0999457836151123, 3.097146511077881, 3.07881760597229], [[8661.0, 30.0, 98614.0, 213.0], [7675.0, 26.0, 96558.0, 204.0], [8463.0, 27.0, 90536.0, 188.0]]]
[12, [2.9261457920074463, 1.1154193878173828, 3.132930040359497], [3.098360061645508, 2.9998204708099365, 3.0874342918395996], [[36920.0, 137.0, 243117.0, 574.0], [31049.0, 114.0, 212913.0, 530.0], [36444.0, 121.0, 216944.0, 547.0]]]
[18, [3.128910541534424, 6.199069261550903, 3.1319494247436523], [2.6415698528289795, 0.0, 3.0483133792877197], [[63442.0, 251.0, 377769.0, 994.0], [64018.0, 252.0, 368715.0, 982.0], [82129.0, 287.0, 446621.0, 1058.0]]]
[24, [9.115945816040039, 6.370347499847412, 6.133496999740601], [2.818655014038086, 2.9783504009246826, 2.9700701236724854], [[176862.0, 672.0, 931691.0, 2288.0], [135783.0, 526.0, 749522.0, 1870.0], [153536.0, 586.0, 821331.0, 1955.0]]]
[30, [9.230122327804565, 9.155144453048706, 12.339056253433228], [2.8310787677764893, 3.0321972370147705, 3.0218069553375244], [[251178.0, 951.0, 1300062.0, 3140.0], [200869.0, 760.0, 1113829.0, 2634.0], [273446.0, 1082.0, 1394188.0, 3451.0]]]
